0101	0117	
0101	1717	
0101	1701	
0102	0118	
0102	1718	
0102	1702	
0103	0119	
0103	1719	
0103	1703	
0104	0120	
0104	1720	
0104	1704	
0105	0121	
0105	1721	
0105	1705	
0106	0122	
0106	1722	
0106	1706	
0107	0123	
0107	1723	
0107	1707	
0108	0124	
0108	1724	
0108	1708	
0109	0125	
0109	1725	
0109	1709	
0110	0126	
0110	1726	
0110	1710	
0111	0127	
0111	1727	
0111	1711	
0112	0128	
0112	1728	
0112	1712	
0113	0129	
0113	1729	
0113	1713	
0114	0130	
0114	1730	
0114	1714	
0115	0131	
0115	1731	
0115	1715	
0116	0132	
0116	1732	
0116	1716	
0201	0217	
0201	1817	
0201	1801	
0202	0218	
0202	1818	
0202	1802	
0203	0219	
0203	1819	
0203	1803	
0204	0220	
0204	1820	
0204	1804	
0205	0221	
0205	1821	
0205	1805	
0206	0222	
0206	1822	
0206	1806	
0207	0223	
0207	1823	
0207	1807	
0208	0224	
0208	1824	
0208	1808	
0209	0225	
0209	1825	
0209	1809	
0210	0226	
0210	1826	
0210	1810	
0211	0227	
0211	1827	
0211	1811	
0212	0228	
0212	1828	
0212	1812	
0213	0229	
0213	1829	
0213	1813	
0214	0230	
0214	1830	
0214	1814	
0215	0231	
0215	1831	
0215	1815	
0216	0232	
0216	1832	
0216	1816	
0301	0317	
0301	1917	
0301	1901	
0302	0318	
0302	1918	
0302	1902	
0303	0319	
0303	1919	
0303	1903	
0304	0320	
0304	1920	
0304	1904	
0305	0321	
0305	1921	
0305	1905	
0306	0322	
0306	1922	
0306	1906	
0307	0323	
0307	1923	
0307	1907	
0308	0324	
0308	1924	
0308	1908	
0309	0325	
0309	1925	
0309	1909	
0310	0326	
0310	1926	
0310	1910	
0311	0327	
0311	1927	
0311	1911	
0312	0328	
0312	1928	
0312	1912	
0313	0329	
0313	1929	
0313	1913	
0314	0330	
0314	1930	
0314	1914	
0315	0331	
0315	1931	
0315	1915	
0316	0332	
0316	1932	
0316	1916	
0401	0417	
0401	2017	
0401	2001	
0402	0418	
0402	2018	
0402	2002	
0403	0419	
0403	2019	
0403	2003	
0404	0420	
0404	2020	
0404	2004	
0405	0421	
0405	2021	
0405	2005	
0406	0422	
0406	2022	
0406	2006	
0407	0423	
0407	2023	
0407	2007	
0408	0424	
0408	2024	
0408	2008	
0409	0425	
0409	2025	
0409	2009	
0410	0426	
0410	2026	
0410	2010	
0411	0427	
0411	2027	
0411	2011	
0412	0428	
0412	2028	
0412	2012	
0413	0429	
0413	2029	
0413	2013	
0414	0430	
0414	2030	
0414	2014	
0415	0431	
0415	2031	
0415	2015	
0416	0432	
0416	2032	
0416	2016	
0501	0517	
0501	2117	
0501	2101	
0502	0518	
0502	2118	
0502	2102	
0503	0519	
0503	2119	
0503	2103	
0504	0520	
0504	2120	
0504	2104	
0505	0521	
0505	2121	
0505	2105	
0506	0522	
0506	2122	
0506	2106	
0507	0523	
0507	2123	
0507	2107	
0508	0524	
0508	2124	
0508	2108	
0509	0525	
0509	2125	
0509	2109	
0510	0526	
0510	2126	
0510	2110	
0511	0527	
0511	2127	
0511	2111	
0512	0528	
0512	2128	
0512	2112	
0513	0529	
0513	2129	
0513	2113	
0514	0530	
0514	2130	
0514	2114	
0515	0531	
0515	2131	
0515	2115	
0516	0532	
0516	2132	
0516	2116	
0601	0617	
0601	2217	
0601	2201	
0602	0618	
0602	2218	
0602	2202	
0603	0619	
0603	2219	
0603	2203	
0604	0620	
0604	2220	
0604	2204	
0605	0621	
0605	2221	
0605	2205	
0606	0622	
0606	2222	
0606	2206	
0607	0623	
0607	2223	
0607	2207	
0608	0624	
0608	2224	
0608	2208	
0609	0625	
0609	2225	
0609	2209	
0610	0626	
0610	2226	
0610	2210	
0611	0627	
0611	2227	
0611	2211	
0612	0628	
0612	2228	
0612	2212	
0613	0629	
0613	2229	
0613	2213	
0614	0630	
0614	2230	
0614	2214	
0615	0631	
0615	2231	
0615	2215	
0616	0632	
0616	2232	
0616	2216	
0701	0717	
0701	2317	
0701	2301	
0702	0718	
0702	2318	
0702	2302	
0703	0719	
0703	2319	
0703	2303	
0704	0720	
0704	2320	
0704	2304	
0705	0721	
0705	2321	
0705	2305	
0706	0722	
0706	2322	
0706	2306	
0707	0723	
0707	2323	
0707	2307	
0708	0724	
0708	2324	
0708	2308	
0709	0725	
0709	2325	
0709	2309	
0710	0726	
0710	2326	
0710	2310	
0711	0727	
0711	2327	
0711	2311	
0712	0728	
0712	2328	
0712	2312	
0713	0729	
0713	2329	
0713	2313	
0714	0730	
0714	2330	
0714	2314	
0715	0731	
0715	2331	
0715	2315	
0716	0732	
0716	2332	
0716	2316	
0801	0817	
0801	2417	
0801	2401	
0802	0818	
0802	2418	
0802	2402	
0803	0819	
0803	2419	
0803	2403	
0804	0820	
0804	2420	
0804	2404	
0805	0821	
0805	2421	
0805	2405	
0806	0822	
0806	2422	
0806	2406	
0807	0823	
0807	2423	
0807	2407	
0808	0824	
0808	2424	
0808	2408	
0809	0825	
0809	2425	
0809	2409	
0810	0826	
0810	2426	
0810	2410	
0811	0827	
0811	2427	
0811	2411	
0812	0828	
0812	2428	
0812	2412	
0813	0829	
0813	2429	
0813	2413	
0814	0830	
0814	2430	
0814	2414	
0815	0831	
0815	2431	
0815	2415	
0816	0832	
0816	2432	
0816	2416	
0901	0917	
0901	2517	
0901	2501	
0902	0918	
0902	2518	
0902	2502	
0903	0919	
0903	2519	
0903	2503	
0904	0920	
0904	2520	
0904	2504	
0905	0921	
0905	2521	
0905	2505	
0906	0922	
0906	2522	
0906	2506	
0907	0923	
0907	2523	
0907	2507	
0908	0924	
0908	2524	
0908	2508	
0909	0925	
0909	2525	
0909	2509	
0910	0926	
0910	2526	
0910	2510	
0911	0927	
0911	2527	
0911	2511	
0912	0928	
0912	2528	
0912	2512	
0913	0929	
0913	2529	
0913	2513	
0914	0930	
0914	2530	
0914	2514	
0915	0931	
0915	2531	
0915	2515	
0916	0932	
0916	2532	
0916	2516	
1001	1017	
1001	2617	
1001	2601	
1002	1018	
1002	2618	
1002	2602	
1003	1019	
1003	2619	
1003	2603	
1004	1020	
1004	2620	
1004	2604	
1005	1021	
1005	2621	
1005	2605	
1006	1022	
1006	2622	
1006	2606	
1007	1023	
1007	2623	
1007	2607	
1008	1024	
1008	2624	
1008	2608	
1009	1025	
1009	2625	
1009	2609	
1010	1026	
1010	2626	
1010	2610	
1011	1027	
1011	2627	
1011	2611	
1012	1028	
1012	2628	
1012	2612	
1013	1029	
1013	2629	
1013	2613	
1014	1030	
1014	2630	
1014	2614	
1015	1031	
1015	2631	
1015	2615	
1016	1032	
1016	2632	
1016	2616	
1101	1117	
1101	2717	
1101	2701	
1102	1118	
1102	2718	
1102	2702	
1103	1119	
1103	2719	
1103	2703	
1104	1120	
1104	2720	
1104	2704	
1105	1121	
1105	2721	
1105	2705	
1106	1122	
1106	2722	
1106	2706	
1107	1123	
1107	2723	
1107	2707	
1108	1124	
1108	2724	
1108	2708	
1109	1125	
1109	2725	
1109	2709	
1110	1126	
1110	2726	
1110	2710	
1111	1127	
1111	2727	
1111	2711	
1112	1128	
1112	2728	
1112	2712	
1113	1129	
1113	2729	
1113	2713	
1114	1130	
1114	2730	
1114	2714	
1115	1131	
1115	2731	
1115	2715	
1116	1132	
1116	2732	
1116	2716	
1201	1217	
1201	2817	
1201	2801	
1202	1218	
1202	2818	
1202	2802	
1203	1219	
1203	2819	
1203	2803	
1204	1220	
1204	2820	
1204	2804	
1205	1221	
1205	2821	
1205	2805	
1206	1222	
1206	2822	
1206	2806	
1207	1223	
1207	2823	
1207	2807	
1208	1224	
1208	2824	
1208	2808	
1209	1225	
1209	2825	
1209	2809	
1210	1226	
1210	2826	
1210	2810	
1211	1227	
1211	2827	
1211	2811	
1212	1228	
1212	2828	
1212	2812	
1213	1229	
1213	2829	
1213	2813	
1214	1230	
1214	2830	
1214	2814	
1215	1231	
1215	2831	
1215	2815	
1216	1232	
1216	2832	
1216	2816	
1301	1317	
1301	2917	
1301	2901	
1302	1318	
1302	2918	
1302	2902	
1303	1319	
1303	2919	
1303	2903	
1304	1320	
1304	2920	
1304	2904	
1305	1321	
1305	2921	
1305	2905	
1306	1322	
1306	2922	
1306	2906	
1307	1323	
1307	2923	
1307	2907	
1308	1324	
1308	2924	
1308	2908	
1309	1325	
1309	2925	
1309	2909	
1310	1326	
1310	2926	
1310	2910	
1311	1327	
1311	2927	
1311	2911	
1312	1328	
1312	2928	
1312	2912	
1313	1329	
1313	2929	
1313	2913	
1314	1330	
1314	2930	
1314	2914	
1315	1331	
1315	2931	
1315	2915	
1316	1332	
1316	2932	
1316	2916	
1401	1417	
1401	3017	
1401	3001	
1402	1418	
1402	3018	
1402	3002	
1403	1419	
1403	3019	
1403	3003	
1404	1420	
1404	3020	
1404	3004	
1405	1421	
1405	3021	
1405	3005	
1406	1422	
1406	3022	
1406	3006	
1407	1423	
1407	3023	
1407	3007	
1408	1424	
1408	3024	
1408	3008	
1409	1425	
1409	3025	
1409	3009	
1410	1426	
1410	3026	
1410	3010	
1411	1427	
1411	3027	
1411	3011	
1412	1428	
1412	3028	
1412	3012	
1413	1429	
1413	3029	
1413	3013	
1414	1430	
1414	3030	
1414	3014	
1415	1431	
1415	3031	
1415	3015	
1416	1432	
1416	3032	
1416	3016	
1501	1517	
1501	3117	
1501	3101	
1502	1518	
1502	3118	
1502	3102	
1503	1519	
1503	3119	
1503	3103	
1504	1520	
1504	3120	
1504	3104	
1505	1521	
1505	3121	
1505	3105	
1506	1522	
1506	3122	
1506	3106	
1507	1523	
1507	3123	
1507	3107	
1508	1524	
1508	3124	
1508	3108	
1509	1525	
1509	3125	
1509	3109	
1510	1526	
1510	3126	
1510	3110	
1511	1527	
1511	3127	
1511	3111	
1512	1528	
1512	3128	
1512	3112	
1513	1529	
1513	3129	
1513	3113	
1514	1530	
1514	3130	
1514	3114	
1515	1531	
1515	3131	
1515	3115	
1516	1532	
1516	3132	
1516	3116	
1601	1617	
1601	3217	
1601	3201	
1602	1618	
1602	3218	
1602	3202	
1603	1619	
1603	3219	
1603	3203	
1604	1620	
1604	3220	
1604	3204	
1605	1621	
1605	3221	
1605	3205	
1606	1622	
1606	3222	
1606	3206	
1607	1623	
1607	3223	
1607	3207	
1608	1624	
1608	3224	
1608	3208	
1609	1625	
1609	3225	
1609	3209	
1610	1626	
1610	3226	
1610	3210	
1611	1627	
1611	3227	
1611	3211	
1612	1628	
1612	3228	
1612	3212	
1613	1629	
1613	3229	
1613	3213	
1614	1630	
1614	3230	
1614	3214	
1615	1631	
1615	3231	
1615	3215	
1616	1632	
1616	3232	
1616	3216	
0117	0133	
0117	0233	
0117	0134	
0117	0234	
0118	0135	
0118	0235	
0118	0136	
0118	0236	
0119	0137	
0119	0237	
0119	0138	
0119	0238	
0120	0139	
0120	0239	
0120	0140	
0120	0240	
0121	0141	
0121	0241	
0121	0142	
0121	0242	
0122	0143	
0122	0243	
0122	0144	
0122	0244	
0123	0145	
0123	0245	
0123	0146	
0123	0246	
0124	0147	
0124	0247	
0124	0148	
0124	0248	
0125	0149	
0125	0249	
0125	0150	
0125	0250	
0126	0151	
0126	0251	
0126	0152	
0126	0252	
0127	0153	
0127	0253	
0127	0154	
0127	0254	
0128	0155	
0128	0255	
0128	0156	
0128	0256	
0129	0157	
0129	0257	
0129	0158	
0129	0258	
0130	0159	
0130	0259	
0130	0160	
0130	0260	
0131	0161	
0131	0261	
0131	0162	
0131	0262	
0132	0163	
0132	0263	
0132	0164	
0132	0264	
0217	0333	
0217	0433	
0217	0334	
0217	0434	
0218	0335	
0218	0435	
0218	0336	
0218	0436	
0219	0337	
0219	0437	
0219	0338	
0219	0438	
0220	0339	
0220	0439	
0220	0340	
0220	0440	
0221	0341	
0221	0441	
0221	0342	
0221	0442	
0222	0343	
0222	0443	
0222	0344	
0222	0444	
0223	0345	
0223	0445	
0223	0346	
0223	0446	
0224	0347	
0224	0447	
0224	0348	
0224	0448	
0225	0349	
0225	0449	
0225	0350	
0225	0450	
0226	0351	
0226	0451	
0226	0352	
0226	0452	
0227	0353	
0227	0453	
0227	0354	
0227	0454	
0228	0355	
0228	0455	
0228	0356	
0228	0456	
0229	0357	
0229	0457	
0229	0358	
0229	0458	
0230	0359	
0230	0459	
0230	0360	
0230	0460	
0231	0361	
0231	0461	
0231	0362	
0231	0462	
0232	0363	
0232	0463	
0232	0364	
0232	0464	
0317	0533	
0317	0633	
0317	0534	
0317	0634	
0318	0535	
0318	0635	
0318	0536	
0318	0636	
0319	0537	
0319	0637	
0319	0538	
0319	0638	
0320	0539	
0320	0639	
0320	0540	
0320	0640	
0321	0541	
0321	0641	
0321	0542	
0321	0642	
0322	0543	
0322	0643	
0322	0544	
0322	0644	
0323	0545	
0323	0645	
0323	0546	
0323	0646	
0324	0547	
0324	0647	
0324	0548	
0324	0648	
0325	0549	
0325	0649	
0325	0550	
0325	0650	
0326	0551	
0326	0651	
0326	0552	
0326	0652	
0327	0553	
0327	0653	
0327	0554	
0327	0654	
0328	0555	
0328	0655	
0328	0556	
0328	0656	
0329	0557	
0329	0657	
0329	0558	
0329	0658	
0330	0559	
0330	0659	
0330	0560	
0330	0660	
0331	0561	
0331	0661	
0331	0562	
0331	0662	
0332	0563	
0332	0663	
0332	0564	
0332	0664	
0417	0733	
0417	0833	
0417	0734	
0417	0834	
0418	0735	
0418	0835	
0418	0736	
0418	0836	
0419	0737	
0419	0837	
0419	0738	
0419	0838	
0420	0739	
0420	0839	
0420	0740	
0420	0840	
0421	0741	
0421	0841	
0421	0742	
0421	0842	
0422	0743	
0422	0843	
0422	0744	
0422	0844	
0423	0745	
0423	0845	
0423	0746	
0423	0846	
0424	0747	
0424	0847	
0424	0748	
0424	0848	
0425	0749	
0425	0849	
0425	0750	
0425	0850	
0426	0751	
0426	0851	
0426	0752	
0426	0852	
0427	0753	
0427	0853	
0427	0754	
0427	0854	
0428	0755	
0428	0855	
0428	0756	
0428	0856	
0429	0757	
0429	0857	
0429	0758	
0429	0858	
0430	0759	
0430	0859	
0430	0760	
0430	0860	
0431	0761	
0431	0861	
0431	0762	
0431	0862	
0432	0763	
0432	0863	
0432	0764	
0432	0864	
0517	0933	
0517	1033	
0517	0934	
0517	1034	
0518	0935	
0518	1035	
0518	0936	
0518	1036	
0519	0937	
0519	1037	
0519	0938	
0519	1038	
0520	0939	
0520	1039	
0520	0940	
0520	1040	
0521	0941	
0521	1041	
0521	0942	
0521	1042	
0522	0943	
0522	1043	
0522	0944	
0522	1044	
0523	0945	
0523	1045	
0523	0946	
0523	1046	
0524	0947	
0524	1047	
0524	0948	
0524	1048	
0525	0949	
0525	1049	
0525	0950	
0525	1050	
0526	0951	
0526	1051	
0526	0952	
0526	1052	
0527	0953	
0527	1053	
0527	0954	
0527	1054	
0528	0955	
0528	1055	
0528	0956	
0528	1056	
0529	0957	
0529	1057	
0529	0958	
0529	1058	
0530	0959	
0530	1059	
0530	0960	
0530	1060	
0531	0961	
0531	1061	
0531	0962	
0531	1062	
0532	0963	
0532	1063	
0532	0964	
0532	1064	
0617	1133	
0617	1233	
0617	1134	
0617	1234	
0618	1135	
0618	1235	
0618	1136	
0618	1236	
0619	1137	
0619	1237	
0619	1138	
0619	1238	
0620	1139	
0620	1239	
0620	1140	
0620	1240	
0621	1141	
0621	1241	
0621	1142	
0621	1242	
0622	1143	
0622	1243	
0622	1144	
0622	1244	
0623	1145	
0623	1245	
0623	1146	
0623	1246	
0624	1147	
0624	1247	
0624	1148	
0624	1248	
0625	1149	
0625	1249	
0625	1150	
0625	1250	
0626	1151	
0626	1251	
0626	1152	
0626	1252	
0627	1153	
0627	1253	
0627	1154	
0627	1254	
0628	1155	
0628	1255	
0628	1156	
0628	1256	
0629	1157	
0629	1257	
0629	1158	
0629	1258	
0630	1159	
0630	1259	
0630	1160	
0630	1260	
0631	1161	
0631	1261	
0631	1162	
0631	1262	
0632	1163	
0632	1263	
0632	1164	
0632	1264	
0717	1333	
0717	1433	
0717	1334	
0717	1434	
0718	1335	
0718	1435	
0718	1336	
0718	1436	
0719	1337	
0719	1437	
0719	1338	
0719	1438	
0720	1339	
0720	1439	
0720	1340	
0720	1440	
0721	1341	
0721	1441	
0721	1342	
0721	1442	
0722	1343	
0722	1443	
0722	1344	
0722	1444	
0723	1345	
0723	1445	
0723	1346	
0723	1446	
0724	1347	
0724	1447	
0724	1348	
0724	1448	
0725	1349	
0725	1449	
0725	1350	
0725	1450	
0726	1351	
0726	1451	
0726	1352	
0726	1452	
0727	1353	
0727	1453	
0727	1354	
0727	1454	
0728	1355	
0728	1455	
0728	1356	
0728	1456	
0729	1357	
0729	1457	
0729	1358	
0729	1458	
0730	1359	
0730	1459	
0730	1360	
0730	1460	
0731	1361	
0731	1461	
0731	1362	
0731	1462	
0732	1363	
0732	1463	
0732	1364	
0732	1464	
0817	1533	
0817	1633	
0817	1534	
0817	1634	
0818	1535	
0818	1635	
0818	1536	
0818	1636	
0819	1537	
0819	1637	
0819	1538	
0819	1638	
0820	1539	
0820	1639	
0820	1540	
0820	1640	
0821	1541	
0821	1641	
0821	1542	
0821	1642	
0822	1543	
0822	1643	
0822	1544	
0822	1644	
0823	1545	
0823	1645	
0823	1546	
0823	1646	
0824	1547	
0824	1647	
0824	1548	
0824	1648	
0825	1549	
0825	1649	
0825	1550	
0825	1650	
0826	1551	
0826	1651	
0826	1552	
0826	1652	
0827	1553	
0827	1653	
0827	1554	
0827	1654	
0828	1555	
0828	1655	
0828	1556	
0828	1656	
0829	1557	
0829	1657	
0829	1558	
0829	1658	
0830	1559	
0830	1659	
0830	1560	
0830	1660	
0831	1561	
0831	1661	
0831	1562	
0831	1662	
0832	1563	
0832	1663	
0832	1564	
0832	1664	
0917	1733	
0917	1833	
0917	1734	
0917	1834	
0918	1735	
0918	1835	
0918	1736	
0918	1836	
0919	1737	
0919	1837	
0919	1738	
0919	1838	
0920	1739	
0920	1839	
0920	1740	
0920	1840	
0921	1741	
0921	1841	
0921	1742	
0921	1842	
0922	1743	
0922	1843	
0922	1744	
0922	1844	
0923	1745	
0923	1845	
0923	1746	
0923	1846	
0924	1747	
0924	1847	
0924	1748	
0924	1848	
0925	1749	
0925	1849	
0925	1750	
0925	1850	
0926	1751	
0926	1851	
0926	1752	
0926	1852	
0927	1753	
0927	1853	
0927	1754	
0927	1854	
0928	1755	
0928	1855	
0928	1756	
0928	1856	
0929	1757	
0929	1857	
0929	1758	
0929	1858	
0930	1759	
0930	1859	
0930	1760	
0930	1860	
0931	1761	
0931	1861	
0931	1762	
0931	1862	
0932	1763	
0932	1863	
0932	1764	
0932	1864	
1017	1933	
1017	2033	
1017	1934	
1017	2034	
1018	1935	
1018	2035	
1018	1936	
1018	2036	
1019	1937	
1019	2037	
1019	1938	
1019	2038	
1020	1939	
1020	2039	
1020	1940	
1020	2040	
1021	1941	
1021	2041	
1021	1942	
1021	2042	
1022	1943	
1022	2043	
1022	1944	
1022	2044	
1023	1945	
1023	2045	
1023	1946	
1023	2046	
1024	1947	
1024	2047	
1024	1948	
1024	2048	
1025	1949	
1025	2049	
1025	1950	
1025	2050	
1026	1951	
1026	2051	
1026	1952	
1026	2052	
1027	1953	
1027	2053	
1027	1954	
1027	2054	
1028	1955	
1028	2055	
1028	1956	
1028	2056	
1029	1957	
1029	2057	
1029	1958	
1029	2058	
1030	1959	
1030	2059	
1030	1960	
1030	2060	
1031	1961	
1031	2061	
1031	1962	
1031	2062	
1032	1963	
1032	2063	
1032	1964	
1032	2064	
1117	2133	
1117	2233	
1117	2134	
1117	2234	
1118	2135	
1118	2235	
1118	2136	
1118	2236	
1119	2137	
1119	2237	
1119	2138	
1119	2238	
1120	2139	
1120	2239	
1120	2140	
1120	2240	
1121	2141	
1121	2241	
1121	2142	
1121	2242	
1122	2143	
1122	2243	
1122	2144	
1122	2244	
1123	2145	
1123	2245	
1123	2146	
1123	2246	
1124	2147	
1124	2247	
1124	2148	
1124	2248	
1125	2149	
1125	2249	
1125	2150	
1125	2250	
1126	2151	
1126	2251	
1126	2152	
1126	2252	
1127	2153	
1127	2253	
1127	2154	
1127	2254	
1128	2155	
1128	2255	
1128	2156	
1128	2256	
1129	2157	
1129	2257	
1129	2158	
1129	2258	
1130	2159	
1130	2259	
1130	2160	
1130	2260	
1131	2161	
1131	2261	
1131	2162	
1131	2262	
1132	2163	
1132	2263	
1132	2164	
1132	2264	
1217	2333	
1217	2433	
1217	2334	
1217	2434	
1218	2335	
1218	2435	
1218	2336	
1218	2436	
1219	2337	
1219	2437	
1219	2338	
1219	2438	
1220	2339	
1220	2439	
1220	2340	
1220	2440	
1221	2341	
1221	2441	
1221	2342	
1221	2442	
1222	2343	
1222	2443	
1222	2344	
1222	2444	
1223	2345	
1223	2445	
1223	2346	
1223	2446	
1224	2347	
1224	2447	
1224	2348	
1224	2448	
1225	2349	
1225	2449	
1225	2350	
1225	2450	
1226	2351	
1226	2451	
1226	2352	
1226	2452	
1227	2353	
1227	2453	
1227	2354	
1227	2454	
1228	2355	
1228	2455	
1228	2356	
1228	2456	
1229	2357	
1229	2457	
1229	2358	
1229	2458	
1230	2359	
1230	2459	
1230	2360	
1230	2460	
1231	2361	
1231	2461	
1231	2362	
1231	2462	
1232	2363	
1232	2463	
1232	2364	
1232	2464	
1317	2533	
1317	2633	
1317	2534	
1317	2634	
1318	2535	
1318	2635	
1318	2536	
1318	2636	
1319	2537	
1319	2637	
1319	2538	
1319	2638	
1320	2539	
1320	2639	
1320	2540	
1320	2640	
1321	2541	
1321	2641	
1321	2542	
1321	2642	
1322	2543	
1322	2643	
1322	2544	
1322	2644	
1323	2545	
1323	2645	
1323	2546	
1323	2646	
1324	2547	
1324	2647	
1324	2548	
1324	2648	
1325	2549	
1325	2649	
1325	2550	
1325	2650	
1326	2551	
1326	2651	
1326	2552	
1326	2652	
1327	2553	
1327	2653	
1327	2554	
1327	2654	
1328	2555	
1328	2655	
1328	2556	
1328	2656	
1329	2557	
1329	2657	
1329	2558	
1329	2658	
1330	2559	
1330	2659	
1330	2560	
1330	2660	
1331	2561	
1331	2661	
1331	2562	
1331	2662	
1332	2563	
1332	2663	
1332	2564	
1332	2664	
1417	2733	
1417	2833	
1417	2734	
1417	2834	
1418	2735	
1418	2835	
1418	2736	
1418	2836	
1419	2737	
1419	2837	
1419	2738	
1419	2838	
1420	2739	
1420	2839	
1420	2740	
1420	2840	
1421	2741	
1421	2841	
1421	2742	
1421	2842	
1422	2743	
1422	2843	
1422	2744	
1422	2844	
1423	2745	
1423	2845	
1423	2746	
1423	2846	
1424	2747	
1424	2847	
1424	2748	
1424	2848	
1425	2749	
1425	2849	
1425	2750	
1425	2850	
1426	2751	
1426	2851	
1426	2752	
1426	2852	
1427	2753	
1427	2853	
1427	2754	
1427	2854	
1428	2755	
1428	2855	
1428	2756	
1428	2856	
1429	2757	
1429	2857	
1429	2758	
1429	2858	
1430	2759	
1430	2859	
1430	2760	
1430	2860	
1431	2761	
1431	2861	
1431	2762	
1431	2862	
1432	2763	
1432	2863	
1432	2764	
1432	2864	
1517	2933	
1517	3033	
1517	2934	
1517	3034	
1518	2935	
1518	3035	
1518	2936	
1518	3036	
1519	2937	
1519	3037	
1519	2938	
1519	3038	
1520	2939	
1520	3039	
1520	2940	
1520	3040	
1521	2941	
1521	3041	
1521	2942	
1521	3042	
1522	2943	
1522	3043	
1522	2944	
1522	3044	
1523	2945	
1523	3045	
1523	2946	
1523	3046	
1524	2947	
1524	3047	
1524	2948	
1524	3048	
1525	2949	
1525	3049	
1525	2950	
1525	3050	
1526	2951	
1526	3051	
1526	2952	
1526	3052	
1527	2953	
1527	3053	
1527	2954	
1527	3054	
1528	2955	
1528	3055	
1528	2956	
1528	3056	
1529	2957	
1529	3057	
1529	2958	
1529	3058	
1530	2959	
1530	3059	
1530	2960	
1530	3060	
1531	2961	
1531	3061	
1531	2962	
1531	3062	
1532	2963	
1532	3063	
1532	2964	
1532	3064	
1617	3133	
1617	3233	
1617	3134	
1617	3234	
1618	3135	
1618	3235	
1618	3136	
1618	3236	
1619	3137	
1619	3237	
1619	3138	
1619	3238	
1620	3139	
1620	3239	
1620	3140	
1620	3240	
1621	3141	
1621	3241	
1621	3142	
1621	3242	
1622	3143	
1622	3243	
1622	3144	
1622	3244	
1623	3145	
1623	3245	
1623	3146	
1623	3246	
1624	3147	
1624	3247	
1624	3148	
1624	3248	
1625	3149	
1625	3249	
1625	3150	
1625	3250	
1626	3151	
1626	3251	
1626	3152	
1626	3252	
1627	3153	
1627	3253	
1627	3154	
1627	3254	
1628	3155	
1628	3255	
1628	3156	
1628	3256	
1629	3157	
1629	3257	
1629	3158	
1629	3258	
1630	3159	
1630	3259	
1630	3160	
1630	3260	
1631	3161	
1631	3261	
1631	3162	
1631	3262	
1632	3163	
1632	3263	
1632	3164	
1632	3264	
1717	3333	
1717	3433	
1717	3334	
1717	3434	
1718	3335	
1718	3435	
1718	3336	
1718	3436	
1719	3337	
1719	3437	
1719	3338	
1719	3438	
1720	3339	
1720	3439	
1720	3340	
1720	3440	
1721	3341	
1721	3441	
1721	3342	
1721	3442	
1722	3343	
1722	3443	
1722	3344	
1722	3444	
1723	3345	
1723	3445	
1723	3346	
1723	3446	
1724	3347	
1724	3447	
1724	3348	
1724	3448	
1725	3349	
1725	3449	
1725	3350	
1725	3450	
1726	3351	
1726	3451	
1726	3352	
1726	3452	
1727	3353	
1727	3453	
1727	3354	
1727	3454	
1728	3355	
1728	3455	
1728	3356	
1728	3456	
1729	3357	
1729	3457	
1729	3358	
1729	3458	
1730	3359	
1730	3459	
1730	3360	
1730	3460	
1731	3361	
1731	3461	
1731	3362	
1731	3462	
1732	3363	
1732	3463	
1732	3364	
1732	3464	
1817	3533	
1817	3633	
1817	3534	
1817	3634	
1818	3535	
1818	3635	
1818	3536	
1818	3636	
1819	3537	
1819	3637	
1819	3538	
1819	3638	
1820	3539	
1820	3639	
1820	3540	
1820	3640	
1821	3541	
1821	3641	
1821	3542	
1821	3642	
1822	3543	
1822	3643	
1822	3544	
1822	3644	
1823	3545	
1823	3645	
1823	3546	
1823	3646	
1824	3547	
1824	3647	
1824	3548	
1824	3648	
1825	3549	
1825	3649	
1825	3550	
1825	3650	
1826	3551	
1826	3651	
1826	3552	
1826	3652	
1827	3553	
1827	3653	
1827	3554	
1827	3654	
1828	3555	
1828	3655	
1828	3556	
1828	3656	
1829	3557	
1829	3657	
1829	3558	
1829	3658	
1830	3559	
1830	3659	
1830	3560	
1830	3660	
1831	3561	
1831	3661	
1831	3562	
1831	3662	
1832	3563	
1832	3663	
1832	3564	
1832	3664	
1917	3733	
1917	3833	
1917	3734	
1917	3834	
1918	3735	
1918	3835	
1918	3736	
1918	3836	
1919	3737	
1919	3837	
1919	3738	
1919	3838	
1920	3739	
1920	3839	
1920	3740	
1920	3840	
1921	3741	
1921	3841	
1921	3742	
1921	3842	
1922	3743	
1922	3843	
1922	3744	
1922	3844	
1923	3745	
1923	3845	
1923	3746	
1923	3846	
1924	3747	
1924	3847	
1924	3748	
1924	3848	
1925	3749	
1925	3849	
1925	3750	
1925	3850	
1926	3751	
1926	3851	
1926	3752	
1926	3852	
1927	3753	
1927	3853	
1927	3754	
1927	3854	
1928	3755	
1928	3855	
1928	3756	
1928	3856	
1929	3757	
1929	3857	
1929	3758	
1929	3858	
1930	3759	
1930	3859	
1930	3760	
1930	3860	
1931	3761	
1931	3861	
1931	3762	
1931	3862	
1932	3763	
1932	3863	
1932	3764	
1932	3864	
2017	3933	
2017	4033	
2017	3934	
2017	4034	
2018	3935	
2018	4035	
2018	3936	
2018	4036	
2019	3937	
2019	4037	
2019	3938	
2019	4038	
2020	3939	
2020	4039	
2020	3940	
2020	4040	
2021	3941	
2021	4041	
2021	3942	
2021	4042	
2022	3943	
2022	4043	
2022	3944	
2022	4044	
2023	3945	
2023	4045	
2023	3946	
2023	4046	
2024	3947	
2024	4047	
2024	3948	
2024	4048	
2025	3949	
2025	4049	
2025	3950	
2025	4050	
2026	3951	
2026	4051	
2026	3952	
2026	4052	
2027	3953	
2027	4053	
2027	3954	
2027	4054	
2028	3955	
2028	4055	
2028	3956	
2028	4056	
2029	3957	
2029	4057	
2029	3958	
2029	4058	
2030	3959	
2030	4059	
2030	3960	
2030	4060	
2031	3961	
2031	4061	
2031	3962	
2031	4062	
2032	3963	
2032	4063	
2032	3964	
2032	4064	
2117	4133	
2117	4233	
2117	4134	
2117	4234	
2118	4135	
2118	4235	
2118	4136	
2118	4236	
2119	4137	
2119	4237	
2119	4138	
2119	4238	
2120	4139	
2120	4239	
2120	4140	
2120	4240	
2121	4141	
2121	4241	
2121	4142	
2121	4242	
2122	4143	
2122	4243	
2122	4144	
2122	4244	
2123	4145	
2123	4245	
2123	4146	
2123	4246	
2124	4147	
2124	4247	
2124	4148	
2124	4248	
2125	4149	
2125	4249	
2125	4150	
2125	4250	
2126	4151	
2126	4251	
2126	4152	
2126	4252	
2127	4153	
2127	4253	
2127	4154	
2127	4254	
2128	4155	
2128	4255	
2128	4156	
2128	4256	
2129	4157	
2129	4257	
2129	4158	
2129	4258	
2130	4159	
2130	4259	
2130	4160	
2130	4260	
2131	4161	
2131	4261	
2131	4162	
2131	4262	
2132	4163	
2132	4263	
2132	4164	
2132	4264	
2217	4333	
2217	4433	
2217	4334	
2217	4434	
2218	4335	
2218	4435	
2218	4336	
2218	4436	
2219	4337	
2219	4437	
2219	4338	
2219	4438	
2220	4339	
2220	4439	
2220	4340	
2220	4440	
2221	4341	
2221	4441	
2221	4342	
2221	4442	
2222	4343	
2222	4443	
2222	4344	
2222	4444	
2223	4345	
2223	4445	
2223	4346	
2223	4446	
2224	4347	
2224	4447	
2224	4348	
2224	4448	
2225	4349	
2225	4449	
2225	4350	
2225	4450	
2226	4351	
2226	4451	
2226	4352	
2226	4452	
2227	4353	
2227	4453	
2227	4354	
2227	4454	
2228	4355	
2228	4455	
2228	4356	
2228	4456	
2229	4357	
2229	4457	
2229	4358	
2229	4458	
2230	4359	
2230	4459	
2230	4360	
2230	4460	
2231	4361	
2231	4461	
2231	4362	
2231	4462	
2232	4363	
2232	4463	
2232	4364	
2232	4464	
2317	4533	
2317	4633	
2317	4534	
2317	4634	
2318	4535	
2318	4635	
2318	4536	
2318	4636	
2319	4537	
2319	4637	
2319	4538	
2319	4638	
2320	4539	
2320	4639	
2320	4540	
2320	4640	
2321	4541	
2321	4641	
2321	4542	
2321	4642	
2322	4543	
2322	4643	
2322	4544	
2322	4644	
2323	4545	
2323	4645	
2323	4546	
2323	4646	
2324	4547	
2324	4647	
2324	4548	
2324	4648	
2325	4549	
2325	4649	
2325	4550	
2325	4650	
2326	4551	
2326	4651	
2326	4552	
2326	4652	
2327	4553	
2327	4653	
2327	4554	
2327	4654	
2328	4555	
2328	4655	
2328	4556	
2328	4656	
2329	4557	
2329	4657	
2329	4558	
2329	4658	
2330	4559	
2330	4659	
2330	4560	
2330	4660	
2331	4561	
2331	4661	
2331	4562	
2331	4662	
2332	4563	
2332	4663	
2332	4564	
2332	4664	
2417	4733	
2417	4833	
2417	4734	
2417	4834	
2418	4735	
2418	4835	
2418	4736	
2418	4836	
2419	4737	
2419	4837	
2419	4738	
2419	4838	
2420	4739	
2420	4839	
2420	4740	
2420	4840	
2421	4741	
2421	4841	
2421	4742	
2421	4842	
2422	4743	
2422	4843	
2422	4744	
2422	4844	
2423	4745	
2423	4845	
2423	4746	
2423	4846	
2424	4747	
2424	4847	
2424	4748	
2424	4848	
2425	4749	
2425	4849	
2425	4750	
2425	4850	
2426	4751	
2426	4851	
2426	4752	
2426	4852	
2427	4753	
2427	4853	
2427	4754	
2427	4854	
2428	4755	
2428	4855	
2428	4756	
2428	4856	
2429	4757	
2429	4857	
2429	4758	
2429	4858	
2430	4759	
2430	4859	
2430	4760	
2430	4860	
2431	4761	
2431	4861	
2431	4762	
2431	4862	
2432	4763	
2432	4863	
2432	4764	
2432	4864	
2517	4933	
2517	5033	
2517	4934	
2517	5034	
2518	4935	
2518	5035	
2518	4936	
2518	5036	
2519	4937	
2519	5037	
2519	4938	
2519	5038	
2520	4939	
2520	5039	
2520	4940	
2520	5040	
2521	4941	
2521	5041	
2521	4942	
2521	5042	
2522	4943	
2522	5043	
2522	4944	
2522	5044	
2523	4945	
2523	5045	
2523	4946	
2523	5046	
2524	4947	
2524	5047	
2524	4948	
2524	5048	
2525	4949	
2525	5049	
2525	4950	
2525	5050	
2526	4951	
2526	5051	
2526	4952	
2526	5052	
2527	4953	
2527	5053	
2527	4954	
2527	5054	
2528	4955	
2528	5055	
2528	4956	
2528	5056	
2529	4957	
2529	5057	
2529	4958	
2529	5058	
2530	4959	
2530	5059	
2530	4960	
2530	5060	
2531	4961	
2531	5061	
2531	4962	
2531	5062	
2532	4963	
2532	5063	
2532	4964	
2532	5064	
2617	5133	
2617	5233	
2617	5134	
2617	5234	
2618	5135	
2618	5235	
2618	5136	
2618	5236	
2619	5137	
2619	5237	
2619	5138	
2619	5238	
2620	5139	
2620	5239	
2620	5140	
2620	5240	
2621	5141	
2621	5241	
2621	5142	
2621	5242	
2622	5143	
2622	5243	
2622	5144	
2622	5244	
2623	5145	
2623	5245	
2623	5146	
2623	5246	
2624	5147	
2624	5247	
2624	5148	
2624	5248	
2625	5149	
2625	5249	
2625	5150	
2625	5250	
2626	5151	
2626	5251	
2626	5152	
2626	5252	
2627	5153	
2627	5253	
2627	5154	
2627	5254	
2628	5155	
2628	5255	
2628	5156	
2628	5256	
2629	5157	
2629	5257	
2629	5158	
2629	5258	
2630	5159	
2630	5259	
2630	5160	
2630	5260	
2631	5161	
2631	5261	
2631	5162	
2631	5262	
2632	5163	
2632	5263	
2632	5164	
2632	5264	
2717	5333	
2717	5433	
2717	5334	
2717	5434	
2718	5335	
2718	5435	
2718	5336	
2718	5436	
2719	5337	
2719	5437	
2719	5338	
2719	5438	
2720	5339	
2720	5439	
2720	5340	
2720	5440	
2721	5341	
2721	5441	
2721	5342	
2721	5442	
2722	5343	
2722	5443	
2722	5344	
2722	5444	
2723	5345	
2723	5445	
2723	5346	
2723	5446	
2724	5347	
2724	5447	
2724	5348	
2724	5448	
2725	5349	
2725	5449	
2725	5350	
2725	5450	
2726	5351	
2726	5451	
2726	5352	
2726	5452	
2727	5353	
2727	5453	
2727	5354	
2727	5454	
2728	5355	
2728	5455	
2728	5356	
2728	5456	
2729	5357	
2729	5457	
2729	5358	
2729	5458	
2730	5359	
2730	5459	
2730	5360	
2730	5460	
2731	5361	
2731	5461	
2731	5362	
2731	5462	
2732	5363	
2732	5463	
2732	5364	
2732	5464	
2817	5533	
2817	5633	
2817	5534	
2817	5634	
2818	5535	
2818	5635	
2818	5536	
2818	5636	
2819	5537	
2819	5637	
2819	5538	
2819	5638	
2820	5539	
2820	5639	
2820	5540	
2820	5640	
2821	5541	
2821	5641	
2821	5542	
2821	5642	
2822	5543	
2822	5643	
2822	5544	
2822	5644	
2823	5545	
2823	5645	
2823	5546	
2823	5646	
2824	5547	
2824	5647	
2824	5548	
2824	5648	
2825	5549	
2825	5649	
2825	5550	
2825	5650	
2826	5551	
2826	5651	
2826	5552	
2826	5652	
2827	5553	
2827	5653	
2827	5554	
2827	5654	
2828	5555	
2828	5655	
2828	5556	
2828	5656	
2829	5557	
2829	5657	
2829	5558	
2829	5658	
2830	5559	
2830	5659	
2830	5560	
2830	5660	
2831	5561	
2831	5661	
2831	5562	
2831	5662	
2832	5563	
2832	5663	
2832	5564	
2832	5664	
2917	5733	
2917	5833	
2917	5734	
2917	5834	
2918	5735	
2918	5835	
2918	5736	
2918	5836	
2919	5737	
2919	5837	
2919	5738	
2919	5838	
2920	5739	
2920	5839	
2920	5740	
2920	5840	
2921	5741	
2921	5841	
2921	5742	
2921	5842	
2922	5743	
2922	5843	
2922	5744	
2922	5844	
2923	5745	
2923	5845	
2923	5746	
2923	5846	
2924	5747	
2924	5847	
2924	5748	
2924	5848	
2925	5749	
2925	5849	
2925	5750	
2925	5850	
2926	5751	
2926	5851	
2926	5752	
2926	5852	
2927	5753	
2927	5853	
2927	5754	
2927	5854	
2928	5755	
2928	5855	
2928	5756	
2928	5856	
2929	5757	
2929	5857	
2929	5758	
2929	5858	
2930	5759	
2930	5859	
2930	5760	
2930	5860	
2931	5761	
2931	5861	
2931	5762	
2931	5862	
2932	5763	
2932	5863	
2932	5764	
2932	5864	
3017	5933	
3017	6033	
3017	5934	
3017	6034	
3018	5935	
3018	6035	
3018	5936	
3018	6036	
3019	5937	
3019	6037	
3019	5938	
3019	6038	
3020	5939	
3020	6039	
3020	5940	
3020	6040	
3021	5941	
3021	6041	
3021	5942	
3021	6042	
3022	5943	
3022	6043	
3022	5944	
3022	6044	
3023	5945	
3023	6045	
3023	5946	
3023	6046	
3024	5947	
3024	6047	
3024	5948	
3024	6048	
3025	5949	
3025	6049	
3025	5950	
3025	6050	
3026	5951	
3026	6051	
3026	5952	
3026	6052	
3027	5953	
3027	6053	
3027	5954	
3027	6054	
3028	5955	
3028	6055	
3028	5956	
3028	6056	
3029	5957	
3029	6057	
3029	5958	
3029	6058	
3030	5959	
3030	6059	
3030	5960	
3030	6060	
3031	5961	
3031	6061	
3031	5962	
3031	6062	
3032	5963	
3032	6063	
3032	5964	
3032	6064	
3117	6133	
3117	6233	
3117	6134	
3117	6234	
3118	6135	
3118	6235	
3118	6136	
3118	6236	
3119	6137	
3119	6237	
3119	6138	
3119	6238	
3120	6139	
3120	6239	
3120	6140	
3120	6240	
3121	6141	
3121	6241	
3121	6142	
3121	6242	
3122	6143	
3122	6243	
3122	6144	
3122	6244	
3123	6145	
3123	6245	
3123	6146	
3123	6246	
3124	6147	
3124	6247	
3124	6148	
3124	6248	
3125	6149	
3125	6249	
3125	6150	
3125	6250	
3126	6151	
3126	6251	
3126	6152	
3126	6252	
3127	6153	
3127	6253	
3127	6154	
3127	6254	
3128	6155	
3128	6255	
3128	6156	
3128	6256	
3129	6157	
3129	6257	
3129	6158	
3129	6258	
3130	6159	
3130	6259	
3130	6160	
3130	6260	
3131	6161	
3131	6261	
3131	6162	
3131	6262	
3132	6163	
3132	6263	
3132	6164	
3132	6264	
3217	6333	
3217	6433	
3217	6334	
3217	6434	
3218	6335	
3218	6435	
3218	6336	
3218	6436	
3219	6337	
3219	6437	
3219	6338	
3219	6438	
3220	6339	
3220	6439	
3220	6340	
3220	6440	
3221	6341	
3221	6441	
3221	6342	
3221	6442	
3222	6343	
3222	6443	
3222	6344	
3222	6444	
3223	6345	
3223	6445	
3223	6346	
3223	6446	
3224	6347	
3224	6447	
3224	6348	
3224	6448	
3225	6349	
3225	6449	
3225	6350	
3225	6450	
3226	6351	
3226	6451	
3226	6352	
3226	6452	
3227	6353	
3227	6453	
3227	6354	
3227	6454	
3228	6355	
3228	6455	
3228	6356	
3228	6456	
3229	6357	
3229	6457	
3229	6358	
3229	6458	
3230	6359	
3230	6459	
3230	6360	
3230	6460	
3231	6361	
3231	6461	
3231	6362	
3231	6462	
3232	6363	
3232	6463	
3232	6364	
3232	6464	
1701	3301	
1701	3401	
1701	3302	
1701	3402	
1702	3303	
1702	3403	
1702	3304	
1702	3404	
1703	3305	
1703	3405	
1703	3306	
1703	3406	
1704	3307	
1704	3407	
1704	3308	
1704	3408	
1705	3309	
1705	3409	
1705	3310	
1705	3410	
1706	3311	
1706	3411	
1706	3312	
1706	3412	
1707	3313	
1707	3413	
1707	3314	
1707	3414	
1708	3315	
1708	3415	
1708	3316	
1708	3416	
1709	3317	
1709	3417	
1709	3318	
1709	3418	
1710	3319	
1710	3419	
1710	3320	
1710	3420	
1711	3321	
1711	3421	
1711	3322	
1711	3422	
1712	3323	
1712	3423	
1712	3324	
1712	3424	
1713	3325	
1713	3425	
1713	3326	
1713	3426	
1714	3327	
1714	3427	
1714	3328	
1714	3428	
1715	3329	
1715	3429	
1715	3330	
1715	3430	
1716	3331	
1716	3431	
1716	3332	
1716	3432	
1801	3501	
1801	3601	
1801	3502	
1801	3602	
1802	3503	
1802	3603	
1802	3504	
1802	3604	
1803	3505	
1803	3605	
1803	3506	
1803	3606	
1804	3507	
1804	3607	
1804	3508	
1804	3608	
1805	3509	
1805	3609	
1805	3510	
1805	3610	
1806	3511	
1806	3611	
1806	3512	
1806	3612	
1807	3513	
1807	3613	
1807	3514	
1807	3614	
1808	3515	
1808	3615	
1808	3516	
1808	3616	
1809	3517	
1809	3617	
1809	3518	
1809	3618	
1810	3519	
1810	3619	
1810	3520	
1810	3620	
1811	3521	
1811	3621	
1811	3522	
1811	3622	
1812	3523	
1812	3623	
1812	3524	
1812	3624	
1813	3525	
1813	3625	
1813	3526	
1813	3626	
1814	3527	
1814	3627	
1814	3528	
1814	3628	
1815	3529	
1815	3629	
1815	3530	
1815	3630	
1816	3531	
1816	3631	
1816	3532	
1816	3632	
1901	3701	
1901	3801	
1901	3702	
1901	3802	
1902	3703	
1902	3803	
1902	3704	
1902	3804	
1903	3705	
1903	3805	
1903	3706	
1903	3806	
1904	3707	
1904	3807	
1904	3708	
1904	3808	
1905	3709	
1905	3809	
1905	3710	
1905	3810	
1906	3711	
1906	3811	
1906	3712	
1906	3812	
1907	3713	
1907	3813	
1907	3714	
1907	3814	
1908	3715	
1908	3815	
1908	3716	
1908	3816	
1909	3717	
1909	3817	
1909	3718	
1909	3818	
1910	3719	
1910	3819	
1910	3720	
1910	3820	
1911	3721	
1911	3821	
1911	3722	
1911	3822	
1912	3723	
1912	3823	
1912	3724	
1912	3824	
1913	3725	
1913	3825	
1913	3726	
1913	3826	
1914	3727	
1914	3827	
1914	3728	
1914	3828	
1915	3729	
1915	3829	
1915	3730	
1915	3830	
1916	3731	
1916	3831	
1916	3732	
1916	3832	
2001	3901	
2001	4001	
2001	3902	
2001	4002	
2002	3903	
2002	4003	
2002	3904	
2002	4004	
2003	3905	
2003	4005	
2003	3906	
2003	4006	
2004	3907	
2004	4007	
2004	3908	
2004	4008	
2005	3909	
2005	4009	
2005	3910	
2005	4010	
2006	3911	
2006	4011	
2006	3912	
2006	4012	
2007	3913	
2007	4013	
2007	3914	
2007	4014	
2008	3915	
2008	4015	
2008	3916	
2008	4016	
2009	3917	
2009	4017	
2009	3918	
2009	4018	
2010	3919	
2010	4019	
2010	3920	
2010	4020	
2011	3921	
2011	4021	
2011	3922	
2011	4022	
2012	3923	
2012	4023	
2012	3924	
2012	4024	
2013	3925	
2013	4025	
2013	3926	
2013	4026	
2014	3927	
2014	4027	
2014	3928	
2014	4028	
2015	3929	
2015	4029	
2015	3930	
2015	4030	
2016	3931	
2016	4031	
2016	3932	
2016	4032	
2101	4101	
2101	4201	
2101	4102	
2101	4202	
2102	4103	
2102	4203	
2102	4104	
2102	4204	
2103	4105	
2103	4205	
2103	4106	
2103	4206	
2104	4107	
2104	4207	
2104	4108	
2104	4208	
2105	4109	
2105	4209	
2105	4110	
2105	4210	
2106	4111	
2106	4211	
2106	4112	
2106	4212	
2107	4113	
2107	4213	
2107	4114	
2107	4214	
2108	4115	
2108	4215	
2108	4116	
2108	4216	
2109	4117	
2109	4217	
2109	4118	
2109	4218	
2110	4119	
2110	4219	
2110	4120	
2110	4220	
2111	4121	
2111	4221	
2111	4122	
2111	4222	
2112	4123	
2112	4223	
2112	4124	
2112	4224	
2113	4125	
2113	4225	
2113	4126	
2113	4226	
2114	4127	
2114	4227	
2114	4128	
2114	4228	
2115	4129	
2115	4229	
2115	4130	
2115	4230	
2116	4131	
2116	4231	
2116	4132	
2116	4232	
2201	4301	
2201	4401	
2201	4302	
2201	4402	
2202	4303	
2202	4403	
2202	4304	
2202	4404	
2203	4305	
2203	4405	
2203	4306	
2203	4406	
2204	4307	
2204	4407	
2204	4308	
2204	4408	
2205	4309	
2205	4409	
2205	4310	
2205	4410	
2206	4311	
2206	4411	
2206	4312	
2206	4412	
2207	4313	
2207	4413	
2207	4314	
2207	4414	
2208	4315	
2208	4415	
2208	4316	
2208	4416	
2209	4317	
2209	4417	
2209	4318	
2209	4418	
2210	4319	
2210	4419	
2210	4320	
2210	4420	
2211	4321	
2211	4421	
2211	4322	
2211	4422	
2212	4323	
2212	4423	
2212	4324	
2212	4424	
2213	4325	
2213	4425	
2213	4326	
2213	4426	
2214	4327	
2214	4427	
2214	4328	
2214	4428	
2215	4329	
2215	4429	
2215	4330	
2215	4430	
2216	4331	
2216	4431	
2216	4332	
2216	4432	
2301	4501	
2301	4601	
2301	4502	
2301	4602	
2302	4503	
2302	4603	
2302	4504	
2302	4604	
2303	4505	
2303	4605	
2303	4506	
2303	4606	
2304	4507	
2304	4607	
2304	4508	
2304	4608	
2305	4509	
2305	4609	
2305	4510	
2305	4610	
2306	4511	
2306	4611	
2306	4512	
2306	4612	
2307	4513	
2307	4613	
2307	4514	
2307	4614	
2308	4515	
2308	4615	
2308	4516	
2308	4616	
2309	4517	
2309	4617	
2309	4518	
2309	4618	
2310	4519	
2310	4619	
2310	4520	
2310	4620	
2311	4521	
2311	4621	
2311	4522	
2311	4622	
2312	4523	
2312	4623	
2312	4524	
2312	4624	
2313	4525	
2313	4625	
2313	4526	
2313	4626	
2314	4527	
2314	4627	
2314	4528	
2314	4628	
2315	4529	
2315	4629	
2315	4530	
2315	4630	
2316	4531	
2316	4631	
2316	4532	
2316	4632	
2401	4701	
2401	4801	
2401	4702	
2401	4802	
2402	4703	
2402	4803	
2402	4704	
2402	4804	
2403	4705	
2403	4805	
2403	4706	
2403	4806	
2404	4707	
2404	4807	
2404	4708	
2404	4808	
2405	4709	
2405	4809	
2405	4710	
2405	4810	
2406	4711	
2406	4811	
2406	4712	
2406	4812	
2407	4713	
2407	4813	
2407	4714	
2407	4814	
2408	4715	
2408	4815	
2408	4716	
2408	4816	
2409	4717	
2409	4817	
2409	4718	
2409	4818	
2410	4719	
2410	4819	
2410	4720	
2410	4820	
2411	4721	
2411	4821	
2411	4722	
2411	4822	
2412	4723	
2412	4823	
2412	4724	
2412	4824	
2413	4725	
2413	4825	
2413	4726	
2413	4826	
2414	4727	
2414	4827	
2414	4728	
2414	4828	
2415	4729	
2415	4829	
2415	4730	
2415	4830	
2416	4731	
2416	4831	
2416	4732	
2416	4832	
2501	4901	
2501	5001	
2501	4902	
2501	5002	
2502	4903	
2502	5003	
2502	4904	
2502	5004	
2503	4905	
2503	5005	
2503	4906	
2503	5006	
2504	4907	
2504	5007	
2504	4908	
2504	5008	
2505	4909	
2505	5009	
2505	4910	
2505	5010	
2506	4911	
2506	5011	
2506	4912	
2506	5012	
2507	4913	
2507	5013	
2507	4914	
2507	5014	
2508	4915	
2508	5015	
2508	4916	
2508	5016	
2509	4917	
2509	5017	
2509	4918	
2509	5018	
2510	4919	
2510	5019	
2510	4920	
2510	5020	
2511	4921	
2511	5021	
2511	4922	
2511	5022	
2512	4923	
2512	5023	
2512	4924	
2512	5024	
2513	4925	
2513	5025	
2513	4926	
2513	5026	
2514	4927	
2514	5027	
2514	4928	
2514	5028	
2515	4929	
2515	5029	
2515	4930	
2515	5030	
2516	4931	
2516	5031	
2516	4932	
2516	5032	
2601	5101	
2601	5201	
2601	5102	
2601	5202	
2602	5103	
2602	5203	
2602	5104	
2602	5204	
2603	5105	
2603	5205	
2603	5106	
2603	5206	
2604	5107	
2604	5207	
2604	5108	
2604	5208	
2605	5109	
2605	5209	
2605	5110	
2605	5210	
2606	5111	
2606	5211	
2606	5112	
2606	5212	
2607	5113	
2607	5213	
2607	5114	
2607	5214	
2608	5115	
2608	5215	
2608	5116	
2608	5216	
2609	5117	
2609	5217	
2609	5118	
2609	5218	
2610	5119	
2610	5219	
2610	5120	
2610	5220	
2611	5121	
2611	5221	
2611	5122	
2611	5222	
2612	5123	
2612	5223	
2612	5124	
2612	5224	
2613	5125	
2613	5225	
2613	5126	
2613	5226	
2614	5127	
2614	5227	
2614	5128	
2614	5228	
2615	5129	
2615	5229	
2615	5130	
2615	5230	
2616	5131	
2616	5231	
2616	5132	
2616	5232	
2701	5301	
2701	5401	
2701	5302	
2701	5402	
2702	5303	
2702	5403	
2702	5304	
2702	5404	
2703	5305	
2703	5405	
2703	5306	
2703	5406	
2704	5307	
2704	5407	
2704	5308	
2704	5408	
2705	5309	
2705	5409	
2705	5310	
2705	5410	
2706	5311	
2706	5411	
2706	5312	
2706	5412	
2707	5313	
2707	5413	
2707	5314	
2707	5414	
2708	5315	
2708	5415	
2708	5316	
2708	5416	
2709	5317	
2709	5417	
2709	5318	
2709	5418	
2710	5319	
2710	5419	
2710	5320	
2710	5420	
2711	5321	
2711	5421	
2711	5322	
2711	5422	
2712	5323	
2712	5423	
2712	5324	
2712	5424	
2713	5325	
2713	5425	
2713	5326	
2713	5426	
2714	5327	
2714	5427	
2714	5328	
2714	5428	
2715	5329	
2715	5429	
2715	5330	
2715	5430	
2716	5331	
2716	5431	
2716	5332	
2716	5432	
2801	5501	
2801	5601	
2801	5502	
2801	5602	
2802	5503	
2802	5603	
2802	5504	
2802	5604	
2803	5505	
2803	5605	
2803	5506	
2803	5606	
2804	5507	
2804	5607	
2804	5508	
2804	5608	
2805	5509	
2805	5609	
2805	5510	
2805	5610	
2806	5511	
2806	5611	
2806	5512	
2806	5612	
2807	5513	
2807	5613	
2807	5514	
2807	5614	
2808	5515	
2808	5615	
2808	5516	
2808	5616	
2809	5517	
2809	5617	
2809	5518	
2809	5618	
2810	5519	
2810	5619	
2810	5520	
2810	5620	
2811	5521	
2811	5621	
2811	5522	
2811	5622	
2812	5523	
2812	5623	
2812	5524	
2812	5624	
2813	5525	
2813	5625	
2813	5526	
2813	5626	
2814	5527	
2814	5627	
2814	5528	
2814	5628	
2815	5529	
2815	5629	
2815	5530	
2815	5630	
2816	5531	
2816	5631	
2816	5532	
2816	5632	
2901	5701	
2901	5801	
2901	5702	
2901	5802	
2902	5703	
2902	5803	
2902	5704	
2902	5804	
2903	5705	
2903	5805	
2903	5706	
2903	5806	
2904	5707	
2904	5807	
2904	5708	
2904	5808	
2905	5709	
2905	5809	
2905	5710	
2905	5810	
2906	5711	
2906	5811	
2906	5712	
2906	5812	
2907	5713	
2907	5813	
2907	5714	
2907	5814	
2908	5715	
2908	5815	
2908	5716	
2908	5816	
2909	5717	
2909	5817	
2909	5718	
2909	5818	
2910	5719	
2910	5819	
2910	5720	
2910	5820	
2911	5721	
2911	5821	
2911	5722	
2911	5822	
2912	5723	
2912	5823	
2912	5724	
2912	5824	
2913	5725	
2913	5825	
2913	5726	
2913	5826	
2914	5727	
2914	5827	
2914	5728	
2914	5828	
2915	5729	
2915	5829	
2915	5730	
2915	5830	
2916	5731	
2916	5831	
2916	5732	
2916	5832	
3001	5901	
3001	6001	
3001	5902	
3001	6002	
3002	5903	
3002	6003	
3002	5904	
3002	6004	
3003	5905	
3003	6005	
3003	5906	
3003	6006	
3004	5907	
3004	6007	
3004	5908	
3004	6008	
3005	5909	
3005	6009	
3005	5910	
3005	6010	
3006	5911	
3006	6011	
3006	5912	
3006	6012	
3007	5913	
3007	6013	
3007	5914	
3007	6014	
3008	5915	
3008	6015	
3008	5916	
3008	6016	
3009	5917	
3009	6017	
3009	5918	
3009	6018	
3010	5919	
3010	6019	
3010	5920	
3010	6020	
3011	5921	
3011	6021	
3011	5922	
3011	6022	
3012	5923	
3012	6023	
3012	5924	
3012	6024	
3013	5925	
3013	6025	
3013	5926	
3013	6026	
3014	5927	
3014	6027	
3014	5928	
3014	6028	
3015	5929	
3015	6029	
3015	5930	
3015	6030	
3016	5931	
3016	6031	
3016	5932	
3016	6032	
3101	6101	
3101	6201	
3101	6102	
3101	6202	
3102	6103	
3102	6203	
3102	6104	
3102	6204	
3103	6105	
3103	6205	
3103	6106	
3103	6206	
3104	6107	
3104	6207	
3104	6108	
3104	6208	
3105	6109	
3105	6209	
3105	6110	
3105	6210	
3106	6111	
3106	6211	
3106	6112	
3106	6212	
3107	6113	
3107	6213	
3107	6114	
3107	6214	
3108	6115	
3108	6215	
3108	6116	
3108	6216	
3109	6117	
3109	6217	
3109	6118	
3109	6218	
3110	6119	
3110	6219	
3110	6120	
3110	6220	
3111	6121	
3111	6221	
3111	6122	
3111	6222	
3112	6123	
3112	6223	
3112	6124	
3112	6224	
3113	6125	
3113	6225	
3113	6126	
3113	6226	
3114	6127	
3114	6227	
3114	6128	
3114	6228	
3115	6129	
3115	6229	
3115	6130	
3115	6230	
3116	6131	
3116	6231	
3116	6132	
3116	6232	
3201	6301	
3201	6401	
3201	6302	
3201	6402	
3202	6303	
3202	6403	
3202	6304	
3202	6404	
3203	6305	
3203	6405	
3203	6306	
3203	6406	
3204	6307	
3204	6407	
3204	6308	
3204	6408	
3205	6309	
3205	6409	
3205	6310	
3205	6410	
3206	6311	
3206	6411	
3206	6312	
3206	6412	
3207	6313	
3207	6413	
3207	6314	
3207	6414	
3208	6315	
3208	6415	
3208	6316	
3208	6416	
3209	6317	
3209	6417	
3209	6318	
3209	6418	
3210	6319	
3210	6419	
3210	6320	
3210	6420	
3211	6321	
3211	6421	
3211	6322	
3211	6422	
3212	6323	
3212	6423	
3212	6324	
3212	6424	
3213	6325	
3213	6425	
3213	6326	
3213	6426	
3214	6327	
3214	6427	
3214	6328	
3214	6428	
3215	6329	
3215	6429	
3215	6330	
3215	6430	
3216	6331	
3216	6431	
3216	6332	
3216	6432	
